unix_ts,avg_latency_ms,throughput,cumulative_throughput,cpu_1,memory_mb_1,cpu_2,memory_mb_2,cpu_3,memory_mb_3,avg_cpu,avg_memory_mb
1461582223,88.110924,4051,4051,2.50,33.77,2.99,23.44,2.16,19.94,2.55,25.72
1461582224,56.307381,16441,20492,39.47,71.02,39.15,66.64,43.94,66.33,40.85,68.00
1461582225,63.611557,14710,35202,79.44,80.66,76.30,76.44,87.53,75.87,81.09,77.66
1461582226,64.597770,14224,49426,111.52,92.34,105.48,84.20,116.96,85.82,111.32,87.45
1461582227,61.705893,14805,64231,143.06,94.56,133.91,90.70,146.01,88.17,140.99,91.14
1461582228,63.636265,14784,79015,172.14,101.77,158.89,99.37,168.45,95.68,166.49,98.94
1461582229,59.995528,15584,94599,197.15,104.39,178.45,103.08,189.53,102.26,188.38,103.24
1461582230,63.187526,14684,109283,218.22,110.74,195.94,109.24,206.98,107.43,207.05,109.14
1461582231,59.837125,15577,124860,237.47,120.88,212.29,117.10,221.94,116.42,223.90,118.13
1461582232,61.742137,14843,139703,255.25,122.96,226.17,127.17,235.24,121.15,238.89,123.76
1461582233,69.684571,13250,152953,268.70,131.80,237.16,129.58,245.26,124.89,250.37,128.76
1461582234,72.700169,12780,165733,279.43,135.30,246.95,136.28,252.38,128.32,259.59,133.30
1461582235,90.426301,10047,175780,288.74,142.00,256.53,141.77,256.70,134.00,267.32,139.26
1461582236,82.216495,11481,187261,294.12,146.64,264.72,145.76,260.34,138.14,273.06,143.51
1461582237,78.436276,11420,198681,301.59,151.32,269.86,151.00,264.82,143.65,278.76,148.66
1461582238,72.251703,12997,211678,307.71,157.39,273.01,155.74,268.49,146.24,283.07,153.12
1461582239,64.532900,14466,226144,317.85,161.32,278.99,159.65,274.67,161.78,290.50,160.92
1461582240,68.489399,13585,239729,326.86,167.19,285.76,167.56,279.98,166.71,297.53,167.15
1461582241,76.022652,12145,251874,334.02,172.00,291.99,171.31,283.72,173.22,303.24,172.18
1461582242,72.542327,12860,264734,339.63,174.80,294.75,173.76,287.20,174.32,307.19,174.29
1461582243,64.689013,14555,279289,347.22,184.31,299.85,181.20,290.95,182.39,312.67,182.63
1461582244,58.849816,16058,295347,356.68,191.04,304.48,187.80,295.79,186.98,318.98,188.61
1461582245,63.264577,14909,310256,364.93,193.83,308.90,192.34,300.28,193.85,324.70,193.34
1461582246,69.786607,13445,323701,371.71,199.97,312.52,199.71,303.61,199.17,329.28,199.62
1461582247,62.114357,15247,338948,379.08,205.21,315.91,204.17,306.61,205.44,333.87,204.94
1461582248,65.271153,14466,353414,385.66,210.37,319.77,212.11,310.84,211.56,338.76,211.35
1461582249,63.057006,15166,368580,392.62,216.14,323.07,217.36,314.30,217.18,343.33,216.89
1461582250,64.347373,14525,383105,398.89,221.47,327.02,219.60,317.57,222.02,347.83,221.03
1461582251,75.134604,12085,395190,402.66,225.58,329.75,225.22,319.96,226.35,350.79,225.72
1461582252,70.345481,13717,408907,407.94,235.26,330.94,230.02,321.58,233.36,353.49,232.88
1461582253,68.024197,14290,423197,414.00,243.64,333.25,239.48,323.89,238.62,357.05,240.58
1461582254,70.482088,13551,436748,418.70,247.00,335.68,243.38,326.99,245.14,360.46,245.17
1461582255,73.098529,12666,449414,422.78,252.36,336.91,247.00,328.05,246.22,362.58,248.53
1461582256,66.451731,14188,463602,427.19,255.12,338.41,251.97,330.76,254.26,365.45,253.78
1461582257,66.366482,14391,477993,431.09,261.09,340.56,256.69,332.98,258.87,368.21,258.88
1461582258,70.026025,13527,491520,434.39,265.88,343.25,263.54,334.85,265.11,370.83,264.84
1461582259,69.439998,13668,505188,437.66,272.00,344.82,269.00,336.73,269.51,373.07,270.17
1461582260,71.561580,13211,518399,440.46,276.66,346.59,274.11,338.52,277.42,375.19,276.06
1461582261,68.839235,13646,532045,443.50,281.60,348.13,278.11,339.79,283.64,377.14,281.12
1461582262,69.832222,13550,545595,446.19,286.36,349.37,285.66,341.31,285.18,378.96,285.73
1461582263,68.116940,13896,559491,448.44,290.90,350.49,290.33,342.83,289.03,380.59,290.09
1461582264,66.559397,13980,573471,451.32,297.80,351.70,294.43,343.56,294.92,382.19,295.72
1461582265,89.264016,10502,583973,451.81,301.55,351.83,299.99,343.87,298.23,382.50,299.92
1461582266,64.947509,14157,598130,453.58,306.48,352.94,303.17,344.87,307.11,383.80,305.59
1461582267,71.052585,13176,611306,455.32,311.46,354.28,310.39,346.24,309.97,385.28,310.61
1461582268,71.923106,13069,624375,456.72,321.21,355.43,315.46,347.54,315.46,386.56,317.38
1461582269,71.192455,13469,637844,458.22,323.52,356.48,319.80,348.70,320.46,387.80,321.26
1461582270,68.078502,13624,651468,460.39,327.90,357.72,324.28,349.70,324.68,389.27,325.62
1461582271,67.371978,14426,665894,463.00,332.64,359.40,331.20,350.91,329.37,391.10,331.07
1461582272,65.861702,14076,679970,465.18,339.24,360.50,341.10,352.06,335.87,392.58,338.74
1461582273,73.926215,12804,692774,466.93,344.38,361.33,343.40,353.17,340.88,393.81,342.89
1461582274,77.320308,12425,705199,467.83,348.20,361.83,350.96,353.56,346.06,394.41,348.41
1461582275,65.839573,14267,719466,470.14,356.69,363.46,354.67,354.45,349.10,396.02,353.49
1461582276,71.655940,13331,732797,471.72,362.33,364.45,360.30,355.76,357.70,397.31,360.11
1461582277,74.224352,12490,745287,472.42,362.75,365.11,363.73,355.87,359.96,397.80,362.15
1461582278,73.414599,12671,757958,473.71,371.82,365.84,374.10,356.78,365.48,398.78,370.47
1461582279,72.504953,13119,771077,475.06,374.24,366.47,379.50,357.04,371.31,399.52,375.02
1461582280,75.053474,12892,783969,475.90,379.38,367.29,383.88,357.81,378.06,400.33,380.44
1461582281,79.566581,11201,795170,476.74,385.99,367.88,384.53,357.93,382.16,400.85,384.23
1461582282,70.204907,13642,808812,478.63,390.51,368.83,389.29,359.31,385.38,402.26,388.39
1461582283,73.966691,12508,821320,478.87,400.49,369.10,394.95,359.55,388.78,402.51,394.74
1461582284,71.834211,13098,834418,479.88,401.29,369.80,398.57,360.27,397.76,403.32,399.21
1461582285,69.886124,14114,848532,480.92,405.44,370.69,404.98,361.30,399.74,404.30,403.39
1461582286,68.741990,13391,861923,482.66,411.22,371.43,407.13,362.52,408.67,405.54,409.01
1461582287,72.728030,13351,875274,484.37,414.94,371.67,413.75,362.97,414.22,406.34,414.30
1461582288,74.672369,12583,887857,485.42,416.71,372.41,420.20,363.59,423.42,407.14,420.11
1461582289,72.496250,12433,900290,485.94,425.00,373.07,422.82,364.29,426.58,407.77,424.80
1461582290,69.359411,13930,914220,487.31,429.63,373.60,428.74,364.77,430.22,408.56,429.53
1461582291,73.192861,13101,927321,488.84,435.52,373.97,435.90,364.77,434.52,409.19,435.31
1461582292,69.060311,13181,940502,490.04,440.35,374.74,444.64,365.72,438.87,410.17,441.29
1461582293,73.430754,12779,953281,490.25,442.38,375.55,446.32,366.00,442.00,410.60,443.57
1461582294,74.331021,12152,965433,490.47,444.41,375.74,451.19,365.58,450.02,410.60,448.54
1461582295,73.401897,13124,978557,491.45,449.32,376.28,456.25,365.88,457.74,411.20,454.44
1461582296,79.504719,11559,990116,492.06,452.43,375.98,457.00,365.45,460.98,411.16,456.80
1461582297,80.992577,11453,1001569,491.97,454.98,376.63,459.42,365.86,465.79,411.49,460.06
1461582298,73.498458,12966,1014535,492.22,461.48,376.32,467.02,365.58,469.36,411.37,465.95
1461582299,69.525190,12582,1027117,492.84,466.82,376.82,471.93,365.97,473.67,411.88,470.81
1461582300,75.507460,12690,1039807,493.96,472.25,376.79,475.55,366.52,476.76,412.42,474.85
1461582301,76.208482,11902,1051709,494.64,474.48,376.66,480.96,366.79,482.57,412.70,479.34
1461582302,73.874169,12722,1064431,495.60,483.60,376.63,484.58,367.17,489.58,413.13,485.92
1461582303,66.777818,13845,1078276,496.21,487.64,377.34,494.18,367.28,493.36,413.61,491.73
1461582304,67.374753,14102,1092378,496.90,490.85,377.80,495.67,368.30,497.53,414.33,494.68
1461582305,73.397977,11982,1104360,497.99,497.83,379.03,502.29,368.34,502.53,415.12,500.88
1461582306,78.829209,12853,1117213,498.71,501.74,379.31,511.32,368.87,508.02,415.63,507.03
1461582307,79.013261,11991,1129204,498.74,505.02,379.33,513.05,368.82,511.80,415.63,509.96
1461582308,67.526929,12806,1142010,498.79,511.38,379.82,513.88,369.26,517.67,415.96,514.31
1461582309,77.004067,12924,1154934,499.10,517.06,380.90,519.24,369.98,522.45,416.66,519.58
1461582310,67.394129,13449,1168383,499.34,518.79,380.89,525.83,370.47,524.53,416.90,523.05
1461582311,73.643647,12945,1181328,500.28,527.80,381.16,531.14,370.35,527.94,417.26,528.96
1461582312,69.237065,12862,1194190,501.11,530.08,381.09,535.87,371.14,536.30,417.78,534.08
1461582313,73.021533,13614,1207804,502.59,538.79,381.01,540.61,371.54,546.04,418.38,541.81
1461582314,71.004945,13455,1221259,503.36,543.40,381.50,545.76,371.62,549.09,418.83,546.08
1461582315,83.057750,11524,1232783,504.47,547.06,381.65,548.62,371.59,552.05,419.24,549.24
1461582316,72.905197,12680,1245463,505.27,554.67,381.81,551.20,371.91,558.22,419.66,554.70
1461582317,77.024610,11905,1257368,505.75,561.27,382.13,557.04,372.15,563.40,420.01,560.57
1461582318,72.512631,13197,1270565,505.90,562.57,382.28,565.86,372.40,566.86,420.19,565.10
1461582319,73.602725,12378,1282943,506.07,568.74,382.85,568.47,372.27,568.80,420.40,568.67
1461582320,69.892915,13278,1296221,507.57,576.39,383.41,573.38,372.94,578.11,421.31,575.96
1461582321,77.731149,12685,1308906,508.24,579.35,383.40,577.92,373.09,580.63,421.58,579.30
1461582322,77.017125,12265,1321171,508.49,582.92,383.93,583.37,373.26,585.24,421.89,583.84
1461582323,65.004008,14146,1335317,508.91,589.83,384.41,590.79,373.49,590.95,422.27,590.52
1461582324,74.937434,13076,1348393,510.08,596.60,384.89,593.49,373.42,600.68,422.80,596.92
1461582325,71.764081,11870,1360263,511.01,597.53,385.30,597.02,373.78,603.59,423.36,599.38
1461582326,86.290267,11871,1372134,510.73,600.50,384.80,604.70,373.87,606.66,423.13,603.95
1461582327,73.628269,12632,1384766,510.65,606.06,385.18,607.97,374.05,607.21,423.29,607.08
1461582328,76.866288,12161,1396927,511.11,618.42,385.51,609.24,374.37,618.58,423.66,615.41
1461582329,72.769102,12280,1409207,511.10,623.83,385.74,618.58,374.71,621.66,423.85,621.36
1461582330,68.787799,13796,1423003,510.85,624.58,385.60,622.05,374.94,622.23,423.80,622.95
1461582331,76.759050,12909,1435912,511.93,627.02,386.00,626.73,375.33,628.50,424.42,627.42
1461582332,59.301820,14791,1450703,512.79,632.32,385.63,630.71,375.57,636.81,424.66,633.28
1461582333,69.320343,14258,1464961,513.95,639.13,386.05,637.26,375.50,640.24,425.17,638.88
1461582334,69.797363,12417,1477378,515.02,644.13,386.63,637.99,375.44,643.68,425.70,641.93
1461582335,65.120327,15211,1492589,515.66,646.82,386.98,645.64,375.52,646.94,426.05,646.47
1461582336,78.232821,12367,1504956,516.69,653.94,387.39,646.47,376.08,654.69,426.72,651.70
1461582337,62.632479,13417,1518373,517.73,660.45,387.27,657.14,376.22,658.74,427.07,658.78
1461582338,72.706043,12951,1531324,518.65,663.81,387.48,659.49,376.28,662.55,427.47,661.95
1461582339,77.035385,13243,1544567,518.97,669.07,388.10,669.07,376.86,665.97,427.98,668.04
1461582340,84.690534,11094,1555661,518.51,670.67,388.15,676.44,376.57,669.24,427.74,672.12
1461582341,61.491724,14539,1570200,518.98,678.46,388.22,677.47,376.85,672.54,428.02,676.16
1461582342,77.273831,11740,1581940,519.64,681.57,388.78,684.44,377.22,678.15,428.55,681.39
1461582343,66.965968,14315,1596255,520.47,686.66,388.58,685.34,377.64,684.32,428.90,685.44
1461582344,67.412268,13630,1609885,521.51,696.21,388.72,688.89,377.71,691.19,429.31,692.10
1461582345,68.703818,13942,1623827,522.50,701.42,388.91,695.62,377.84,700.28,429.75,699.11
1461582346,66.287571,13948,1637775,523.30,703.70,388.88,703.26,378.39,701.48,430.19,702.81
1461582347,73.695706,13848,1651623,524.08,708.17,389.17,707.47,378.07,703.23,430.44,706.29
1461582348,63.868062,13893,1665516,525.14,715.34,389.48,712.12,378.67,716.56,431.10,714.67
1461582349,70.229278,13623,1679139,525.98,718.47,389.19,717.52,378.85,723.08,431.34,719.69
1461582350,67.497744,14404,1693543,526.90,723.84,389.70,719.76,378.80,725.58,431.80,723.06
1461582351,64.790839,13154,1706697,527.67,729.67,389.54,726.18,379.11,729.15,432.11,728.33
1461582352,79.514713,12734,1719431,528.51,734.62,390.04,742.98,379.29,738.10,432.61,738.57
1461582353,70.034023,12482,1731913,528.80,739.68,390.06,746.03,379.41,740.42,432.76,742.04
1461582354,79.531920,12294,1744207,529.00,742.09,389.93,747.88,379.26,741.88,432.73,743.95
1461582355,70.634378,12413,1756620,528.96,748.24,389.77,752.76,379.33,743.68,432.69,748.23
1461582356,76.429278,11602,1768222,529.23,753.37,390.17,755.29,379.15,751.40,432.85,753.35
1461582357,77.006034,12486,1780708,528.91,757.04,389.68,756.84,379.40,762.73,432.66,758.87
1461582358,80.999166,11135,1791843,528.93,763.11,389.60,759.82,378.95,765.47,432.49,762.80
1461582359,78.830340,11202,1803045,529.01,766.53,389.60,763.47,379.24,769.05,432.62,766.35
1461582360,78.259021,10937,1813982,529.20,768.56,389.42,765.33,378.89,772.01,432.50,768.63
1461582361,73.103938,13419,1827401,529.00,773.65,389.51,778.94,378.61,776.34,432.37,776.31
1461582362,81.803460,11291,1838692,529.24,785.61,389.49,788.91,378.30,779.42,432.34,784.65
1461582363,72.448054,13389,1852081,529.41,789.13,389.17,790.91,378.42,784.34,432.33,788.13
1461582364,67.945115,13500,1865581,529.94,795.12,389.71,792.72,378.29,786.03,432.65,791.29
1461582365,65.894464,14389,1879970,530.39,801.82,389.78,793.16,378.63,792.45,432.93,795.81
1461582366,65.410258,13702,1893672,531.08,808.38,390.55,794.26,378.83,802.47,433.49,801.70
1461582367,70.094501,13625,1907297,531.33,811.16,390.44,798.55,379.38,816.22,433.72,808.64
1461582368,66.550343,13801,1921098,531.92,815.80,391.16,806.90,379.38,818.25,434.15,813.65
1461582369,63.051978,15017,1936115,532.65,817.48,390.94,811.76,379.85,818.94,434.48,816.06
1461582370,66.319536,13659,1949774,533.18,823.72,391.66,815.51,380.09,820.77,434.98,820.00
1461582371,67.255218,14016,1963790,533.76,828.22,391.42,821.70,380.39,828.54,435.19,826.15
1461582372,67.148602,13294,1977084,534.44,832.62,392.07,824.85,380.56,831.42,435.69,829.63
1461582373,72.491039,13602,1990686,535.15,839.50,391.78,829.44,380.72,839.70,435.88,836.21
1461582374,64.699009,9314,,,,,,,,,
